1  0.50  0.81  
2  0.50  0.81  
3  0.50  0.81  
4  0.33  0.81  
5  0.67  0.81  
6  0.50  0.81  
7  0.50  0.81  
8  0.50  0.81  
9  0.50  0.81  
10  0.50  0.81  
11  0.67  0.81  
12  0.67  0.81  
13  0.67  0.81  
14  0.50  0.81  
15  0.33  0.81  
16  0.50  0.81  
17  0.50  0.81  
18  0.67  0.81  
19  0.67  0.81  
20  0.67  0.81  
21  0.67  0.81  
22  0.67  0.81  
23  0.67  0.81  
24  0.67  0.81  
25  0.67  0.81  
26  0.50  0.81  
27  0.67  0.81  
28  0.50  0.81  
29  0.33  0.81  
30  0.50  0.81  
31  0.67  0.75  
32  0.50  0.75  
33  0.67  0.75  
34  0.33  0.75  
35  0.67  0.75  
36  0.50  0.75  
37  0.50  0.75  
38  0.50  0.75  
39  0.33  0.75  
40  0.67  0.75  
41  0.67  0.75  
42  0.33  0.75  
43  0.50  0.75  
44  0.50  0.75  
45  0.67  0.75  
46  0.67  0.75  
47  0.33  0.75  
48  0.50  0.75  
49  0.50  0.75  
50  0.33  0.75  
51  0.50  0.75  
52  0.50  0.75  
53  0.67  0.75  
54  0.33  0.75  
55  0.50  0.75  
56  0.33  0.75  
57  0.33  0.69  
58  0.33  0.69  
59  0.17  0.62  
60  0.17  0.56  
61  0.17  0.50  
62  0.17  0.44  
63  0.00  0.37  
64  0.00  0.37  
65  -0.33  0.25  
66  -0.17  0.19  
67  -0.67  0.06  
68  -0.67  0.00  
69  -0.67  -0.13  
70  -0.83  -0.31  
71  -1.33  -0.50  
72  -1.50  -0.75  
73  -1.67  -1.00  
74  -1.83  -1.31  
75  -2.33  -1.56  
76  -3.00  -1.81  
77  -2.67  -2.06  
78  -3.33  -2.25  
79  -3.33  -2.50  
80  -3.83  -2.81  
81  -4.00  -3.06  
82  -4.33  -3.37  
83  -4.83  -3.69  
84  -5.17  -4.00  
85  -5.50  -4.31  
86  -5.83  -4.62  
87  -5.83  -5.00  
88  -6.17  -5.31  
89  -6.00  -5.62  
90  -6.50  -5.94  
91  -6.33  -6.19  
92  -6.67  -6.31  
93  -7.00  -6.44  
94  -7.00  -6.56  
95  -7.17  -6.69  
96  -7.50  -6.81  
97  -7.83  -7.00  
98  -7.83  -7.12  
99  -8.00  -7.25  
100  -8.00  -7.44  
101  -8.33  -7.69  
102  -8.83  -7.87  
103  -9.00  -8.13  
104  -9.33  -8.38  
105  -9.50  -8.69  
106  -10.00  -8.94  
107  -10.33  -9.25  
108  -10.17  -9.50  
109  -10.50  -9.81  
110  -11.17  -10.06  
111  -11.17  -10.38  
112  -11.33  -10.63  
113  -11.67  -10.88  
114  -12.00  -11.13  
115  -12.17  -11.44  
116  -12.33  -11.69  
117  -13.17  -12.00  
118  -13.17  -12.25  
119  -13.67  -12.56  
120  -13.83  -12.81  
121  -14.00  -13.13  
122  -14.00  -13.44  
123  -14.50  -13.75  
124  -14.83  -14.06  
125  -15.50  -14.44  
126  -15.83  -14.75  
127  -16.17  -15.13  
128  -16.50  -15.50  
129  -16.83  -15.81  
130  -17.50  -16.12  
131  -17.83  -16.44  
132  -17.83  -16.75  
133  -17.83  -17.00  
134  -18.00  -17.19  
135  -18.00  -17.31  
136  -18.33  -17.50  
137  -18.67  -17.69  
138  -18.83  -17.87  
139  -18.83  -18.06  
140  -19.17  -18.31  
141  -19.50  -18.56  
142  -19.83  -18.75  
143  -20.00  -19.00  
144  -20.17  -19.25  
145  -20.33  -19.50  
146  -20.67  -19.75  
147  -21.00  -20.00  
148  -21.17  -20.25  
149  -21.33  -20.50  
150  -21.67  -20.69  
151  -22.17  -20.94  
152  -22.33  -21.12  
153  -22.33  -21.31  
154  -22.50  -21.50  
155  -22.83  -21.69  
156  -23.00  -21.94  
157  -23.17  -22.12  
158  -23.17  -22.37  
159  -23.50  -22.62  
160  -23.50  -22.87  
161  -24.17  -23.06  
162  -24.50  -23.31  
163  -24.67  -23.56  
164  -24.83  -23.75  
165  -25.33  -24.00  
166  -25.33  -24.19  
167  -25.67  -24.37  
168  -25.50  -24.56  
169  -25.67  -24.69  
170  -25.67  -24.75  
171  -25.67  -24.87  
172  -25.83  -24.94  
173  -25.83  -25.00  
174  -26.00  -25.12  
175  -26.33  -25.19  
176  -26.17  -25.31  
177  -26.17  -25.44  
178  -26.33  -25.56  
179  -26.33  -25.62  
180  -26.67  -25.75  
181  -26.83  -25.87  
182  -26.83  -26.00  
183  -27.00  -26.12  
184  -27.17  -26.31  
185  -27.67  -26.50  
186  -27.67  -26.69  
187  -28.00  -26.87  
188  -28.17  -27.12  
189  -28.33  -27.31  
190  -28.50  -27.50  
191  -28.83  -27.69  
192  -29.00  -27.87  
193  -29.17  -28.06  
194  -29.33  -28.25  
195  -29.33  -28.50  
196  -29.50  -28.69  
197  -29.83  -28.87  
198  -29.83  -29.06  
199  -30.17  -29.25  
200  -30.50  -29.44  
201  -30.33  -29.56  
202  -30.50  -29.75  
203  -30.67  -29.81  
204  -31.00  -29.81  
205  -30.67  -30.06  
206  -31.00  -30.12  
207  -30.83  -30.25  
208  -30.83  -30.37  
209  -31.17  -30.44  
210  -31.17  -30.56  
211  -31.00  -30.62  
212  -31.00  -30.75  
213  -31.17  -30.81  
214  -31.17  -30.87  
215  -31.33  -31.00  
216  -31.67  -31.06  
217  -31.33  -31.12  
218  -31.50  -31.19  
219  -31.67  -31.19  
220  -31.50  -31.19  
221  -31.50  -31.25  
222  -31.33  -31.19  
223  -31.33  -31.19  
224  -31.33  -31.19  
225  -31.33  -31.19  
226  -31.50  -31.06  
227  -31.17  -31.06  
228  -31.33  -31.00  
229  -31.17  -31.00  
230  -31.00  -30.94  
231  -31.00  -30.87  
232  -31.00  -30.81  
233  -30.83  -30.75  
234  -31.00  -30.75  
235  -30.83  -30.69  
236  -30.83  -30.56  
237  -30.33  -30.44  
238  -30.33  -30.37  
239  -30.33  -30.25  
240  -30.67  -30.19  
241  -30.33  -30.06  
242  -30.33  -29.94  
243  -29.67  -29.75  
244  -29.33  -29.56  
245  -29.17  -29.37  
246  -29.17  -29.12  
247  -29.00  -28.87  
248  -28.67  -28.62  
249  -28.50  -28.62  
250  -27.83  -28.12  
251  -27.83  -27.81  
252  -27.33  -27.56  
253  -27.00  -27.25  
254  -26.83  -27.00  
255  -26.83  -26.75  
256  -26.67  -26.56  
257  -26.33  -26.25  
258  -26.00  -26.00  
259  -25.67  -25.69  
260  -25.50  -25.37  
261  -25.33  -25.00  
262  -24.83  -24.69  
263  -24.00  -24.31  
264  -23.67  -24.31  
265  -23.67  -24.00  
266  -23.50  -23.44  
267  -23.33  -23.19  
268  -23.33  -23.00  
269  -22.83  -23.00  
270  -23.00  -22.81  
271  -22.50  -22.44  
272  -22.50  -22.31  
273  -22.33  -22.12  
274  -22.50  -22.12  
275  -21.50  -21.87  
276  -21.00  -21.37  
277  -21.17  -21.06  
278  -20.33  -20.69  
279  -20.33  -20.69  
280  -20.00  -20.00  
281  -19.67  -19.69  
282  -19.00  -19.37  
283  -18.67  -19.00  
284  -18.83  -19.00  
285  -18.50  -18.75  
286  -18.50  -18.19  
287  -18.33  -18.06  
288  -18.33  -17.87  
289  -17.83  -17.87  
290  -17.67  -17.75  
291  -17.50  -17.31  
292  -17.33  -17.12  
293  -17.00  -16.87  
294  -16.33  -16.87  
295  -16.33  -16.62  
296  -15.83  -16.00  
297  -15.50  -15.69  
298  -15.17  -15.38  
299  -14.67  -15.38  
300  -14.17  -15.06  
301  -14.17  -14.44  
302  -14.17  -14.13  
303  -14.00  -13.81  
304  -13.83  -13.81  
305  -13.67  -13.50  
306  -13.00  -12.94  
307  -12.67  -12.69  
308  -12.83  -12.44  
309  -12.50  -12.44  
310  -12.00  -12.19  
311  -11.50  -11.69  
312  -11.33  -11.44  
313  -11.33  -11.19  
314  -10.50  -11.19  
315  -10.50  -10.94  
316  -10.00  -10.38  
317  -9.67  -10.06  
318  -9.83  -9.81  
319  -9.33  -9.81  
320  -9.17  -9.50  
321  -8.83  -8.81  
322  -8.50  -8.56  
323  -8.17  -8.25  
324  -7.67  -8.25  
325  -7.83  -8.00  
326  -7.33  -7.50  
327  -7.50  -7.25  
328  -7.33  -7.00  
329  -6.83  -7.00  
330  -6.33  -6.81  
331  -6.00  -6.31  
332  -6.17  -6.12  
333  -5.83  -5.87  
334  -5.83  -5.87  
335  -5.67  -5.69  
336  -5.83  -5.25  
337  -5.17  -5.06  
338  -4.83  -4.87  
339  -4.67  -4.87  
340  -4.33  -4.62  
341  -3.83  -4.12  
342  -3.67  -3.87  
343  -3.33  -3.56  
344  -3.00  -3.56  
345  -2.83  -3.25  
346  -2.50  -2.62  
347  -1.67  -2.31  
348  -1.33  -2.00  
349  -1.17  -2.00  
350  -0.67  -1.62  
351  -0.33  -0.88  
352  0.00  -0.50  
353  0.33  -0.13  
354  0.33  -0.13  
355  0.50  0.13  
356  1.33  0.81  
357  1.67  1.12  
358  2.33  1.50  
359  2.17  1.50  
360  2.33  1.87  
361  2.83  2.50  
362  3.00  2.81  
363  3.50  3.12  
364  3.67  3.12  
365  4.00  3.37  
366  4.17  3.94  
367  4.50  4.19  
368  4.83  4.44  
369  5.00  4.44  
370  5.17  4.69  
371  5.83  5.25  
372  6.17  5.62  
373  6.83  5.94  
374  6.67  5.94  
375  7.00  6.31  
376  7.83  7.06  
377  8.17  7.44  
378  9.17  7.81  
379  9.00  7.81  
380  9.33  8.19  
381  9.17  8.94  
382  10.17  9.38  
383  10.33  9.81  
384  11.00  9.81  
385  11.33  10.19  
386  11.67  11.13  
387  12.17  11.63  
388  12.83  12.13  
389  13.50  12.13  
390  13.83  12.63  
391  14.17  13.56  
392  14.50  14.00  
393  15.00  14.44  
394  15.00  14.44  
395  15.17  14.81  
396  15.67  15.63  
397  16.33  16.00  
398  17.00  16.31  
399  17.00  16.31  
400  17.33  16.62  
401  17.50  17.25  
402  17.50  17.50  
403  17.33  17.75  
404  17.67  17.75  
405  17.83  18.00  
406  18.00  18.37  
407  18.67  18.56  
408  19.50  18.75  
409  19.83  18.75  
410  20.00  19.00  
411  20.50  19.81  
412  20.67  20.25  
413  21.00  20.62  
414  21.50  20.62  
415  22.00  20.87  
416  22.00  21.44  
417  22.83  21.75  
418  23.33  22.12  
419  23.00  22.12  
420  23.17  22.44  
421  23.50  23.12  
422  23.83  23.44  
423  24.50  23.75  
424  24.83  23.75  
425  25.00  24.06  
426  25.67  24.37  
427  26.00  25.00  
428  26.17  25.31  
429  26.83  25.31  
430  27.00  25.69  
431  27.17  26.06  
432  27.50  26.44  
433  27.67  26.81  
434  27.83  27.19  
435  28.33  27.50  
436  28.50  27.75  
437  28.67  28.00  
438  29.00  28.19  
439  28.83  28.44  
440  29.17  28.62  
441  29.17  28.87  
442  29.33  29.06  
443  29.50  29.25  
444  29.67  29.44  
445  30.00  29.56  
446  29.83  29.69  
447  30.17  29.81  
448  30.00  29.94  
449  30.50  30.00  
450  30.50  30.12  
451  31.17  30.19  
452  31.17  30.31  
453  31.33  30.50  
454  31.67  30.69  
455  31.67  30.94  
456  31.83  31.19  
457  32.00  31.44  
458  32.33  31.69  
459  32.83  31.94  
460  33.33  32.25  
461  33.83  32.50  
462  33.83  32.88  
463  34.17  33.19  
464  34.17  33.50  
465  34.83  33.75  
466  35.17  34.06  
467  35.50  34.31  
468  35.33  34.63  
469  35.83  34.88  
470  35.83  35.13  
471  36.00  35.38  
472  36.33  35.63  
473  36.17  35.81  
474  36.33  35.94  
475  36.67  36.06  
476  36.83  36.19  
477  37.00  36.31  
478  37.00  36.50  
479  37.17  36.63  
480  37.17  36.81  
481  37.67  36.94  
482  38.00  37.13  
483  37.83  37.25  
484  38.17  37.44  
485  38.17  37.63  
486  38.50  37.81  
487  38.33  38.00  
488  38.50  38.13  
489  38.33  38.25  
490  38.50  38.31  
491  38.50  38.44  
492  38.67  38.50  
493  38.33  38.56  
494  38.50  38.63  
495  38.50  38.63  
496  38.67  38.69  
497  38.50  38.75  
498  38.83  38.75  
499  39.00  38.81  
500  39.00  38.88  
501  39.33  38.94  
502  39.50  39.06  
503  39.83  39.19  
504  39.83  39.25  
505  39.83  39.38  
506  40.17  39.50  
507  40.00  39.63  
508  40.83  39.75  
509  40.33  39.94  
510  40.50  40.13  
511  40.83  40.31  
512  40.83  40.50  
513  40.83  40.63  
514  41.00  40.75  
515  41.00  40.81  
516  41.00  40.88  
517  41.17  40.94  
518  41.33  41.06  
519  41.17  41.13  
520  41.33  41.19  
521  41.17  41.25  
522  41.17  41.25  
523  41.33  41.31  
524  41.17  41.31  
525  41.33  41.31  
526  41.17  41.31  
527  41.33  41.31  
528  41.00  41.31  
529  41.17  41.31  
530  41.17  41.31  
531  41.33  41.31  
532  41.17  41.25  
533  41.17  41.25  
534  41.00  41.19  
535  41.00  41.19  
536  41.00  41.13  
537  40.83  41.06  
538  40.67  41.00  
539  40.83  40.94  
540  40.83  40.88  
541  40.67  40.81  
542  40.50  40.69  
543  40.17  40.63  
544  40.17  40.56  
545  40.17  40.44  
546  40.17  40.31  
547  39.83  40.19  
548  39.50  40.00  
549  39.50  39.81  
550  39.17  39.69  
551  38.83  39.50  
552  38.50  39.38  
553  38.17  39.19  
554  38.17  39.00  
555  38.17  38.75  
556  37.83  38.56  
557  37.83  38.31  
558  37.50  38.13  
559  37.17  37.88  
560  37.17  37.69  
561  37.00  37.50  
562  36.83  37.25  
563  36.33  37.06  
564  36.50  36.81  
565  36.00  36.56  
566  35.50  36.31  
567  35.17  36.00  
568  34.83  35.75  
569  34.83  35.50  
570  34.50  35.19  
571  34.17  34.94  
572  34.00  34.69  
573  34.00  34.44  
574  33.67  34.31  
575  33.67  34.06  
576  33.17  33.88  
577  32.50  33.56  
578  32.50  33.31  
579  32.17  33.06  
580  31.83  32.81  
581  31.50  32.56  
582  31.33  32.25  
583  31.50  31.94  
584  31.17  31.69  
585  30.83  31.37  
586  30.67  31.06  
587  30.50  30.75  
588  30.00  30.56  
589  30.17  30.37  
590  30.00  30.25  
591  30.00  30.19  
592  29.67  30.12  
593  30.00  30.00  
594  29.50  29.94  
595  29.50  29.87  
596  29.50  29.75  
597  29.17  29.62  
598  29.00  29.56  
599  29.00  29.44  
600  29.17  29.37  
601  29.00  29.25  
602  28.83  29.19  
603  29.17  29.06  
604  28.67  28.94  
605  28.50  28.87  
606  28.33  28.75  
607  28.50  28.62  
608  28.33  28.56  
609  28.17  28.44  
610  28.00  28.31  
611  27.67  28.19  
612  27.67  28.06  
613  27.33  27.94  
614  27.50  27.75  
615  27.33  27.62  
616  27.33  27.50  
617  27.33  27.37  
618  27.17  27.25  
619  27.00  27.19  
620  27.50  27.12  
621  27.33  27.06  
622  27.17  27.00  
623  27.33  26.94  
624  27.17  26.94  
625  27.33  26.94  
626  27.17  26.94  
627  27.33  26.94  
628  27.50  26.94  
629  27.17  26.94  
630  27.33  26.94  
631  27.33  27.00  
632  27.33  27.00  
633  27.33  27.00  
634  27.33  27.00  
635  27.17  27.00  
636  27.33  27.00  
637  27.00  27.00  
638  27.00  27.00  
639  27.17  26.94  
640  27.00  26.81  
641  27.17  26.75  
642  27.00  26.75  
643  27.33  26.81  
644  27.17  26.81  
645  27.17  26.81  
646  27.00  26.81  
647  27.00  26.81  
648  27.17  26.81  
649  27.17  26.81  
650  27.17  26.81  
651  27.17  26.81  
652  27.17  26.81  
653  27.00  26.87  
654  27.17  26.87  
655  27.33  26.87  
656  27.17  26.87  
657  27.33  26.87  
658  27.33  26.87  
659  27.00  26.87  
660  27.33  26.94  
661  27.17  26.87  
662  27.17  26.87  
663  27.00  26.87  
664  27.33  26.87  
665  27.50  26.87  
666  27.50  26.87  
667  27.33  26.87  
668  27.50  26.94  
669  27.67  27.00  
670  27.67  27.12  
671  27.67  27.31  
672  27.67  27.56  
673  27.50  27.69  
674  27.67  27.69  
675  27.67  27.69  
676  27.83  27.62  
677  27.67  27.62  
678  27.67  27.69  
679  27.67  27.69  
680  27.83  27.69  
681  27.67  27.75  
682  27.50  27.75  
683  27.83  27.81  
684  27.67  27.75  
685  27.50  27.75  
686  27.67  27.75  
687  27.67  27.75  
688  27.33  27.69  
689  27.50  27.62  
690  27.67  27.56  
691  27.67  27.56  
692  27.50  27.50  
693  27.17  27.50  
694  27.17  27.44  
695  27.33  27.44  
696  27.33  27.37  
697  27.00  27.31  
698  27.00  27.25  
699  26.83  27.19  
700  27.00  27.06  
701  26.50  26.94  
702  26.17  26.81  
703  25.83  26.62  
704  25.67  26.44  
705  25.00  26.25  
706  24.50  26.00  
707  23.67  25.75  
708  23.33  25.37  
709  23.00  24.87  
710  22.67  24.44  
711  21.83  23.87  
712  21.00  23.37  
713  20.33  22.87  
714  19.83  22.37  
715  19.83  21.81  
716  18.67  21.25  
717  17.67  20.62  
718  17.50  20.06  
719  17.17  19.44  
720  16.33  18.81  
721  15.67  18.25  
722  14.83  17.62  
723  14.33  17.00  
724  14.33  16.37  
725  13.67  15.81  
726  13.00  15.19  
727  12.17  14.56  
728  11.67  14.00  
729  11.17  13.44  
730  10.83  12.88  
731  10.17  12.38  
732  9.17  11.81  
733  8.67  11.19  
734  8.33  10.63  
735  7.50  10.00  
736  7.00  9.38  
737  6.33  8.69  
738  6.00  8.06  
739  5.00  7.44  
740  4.17  6.81  
741  3.83  6.12  
742  3.17  5.44  
743  2.33  4.75  
744  2.00  4.06  
745  1.33  3.44  
746  1.00  2.81  
747  0.33  2.25  
748  -0.50  1.75  
749  -0.50  1.25  
750  -0.67  0.81  
